54
0
680
170
246
56
349
77
23
4
34
296
264
154
63
626
60
179
373
245
91
192
618
26
481
253
227
176
355
288
88
78
59
439
325
32
223
177
149
140
65
563
546
52
515
450
426
364
363
357
309
279
255
252
250
247
239
181
175
156
152
148
83
70
62
53
514
453
431
42
344
331
312
244
20
199
183
178
172
163
153
147
132
123
118
99
94
92
69
677
666
663
647
64
625
623
61
598
597
590
588
58
57
555
554
543
525
520
518
506
505
500
494
493
492
483
476
464
449
447
445
427
412
41
401
399
398
39
386
381
376
37
329
316
311
301
3
298
282
275
259
254
238
237
236
221
220
22
217
210
21
207
205
203
202
184
180
18
173
166
164
162
158
151
145
141
138
12
105
104
1
98
97
96
95
93
90
9
89
87
86
85
84
82
81
80
8
79
76
75
74
73
72
71
7
68
679
678
676
675
674
673
672
671
670
67
669
668
667
665
664
662
661
660
66
659
658
657
656
655
654
653
652
651
650
649
648
646
645
644
643
642
641
640
639
638
637
636
635
634
633
632
631
630
629
628
627
624
622
621
620
619
617
616
615
614
613
612
611
610
609
608
607
606
605
604
603
602
601
600
6
599
596
595
594
593
592
591
589
587
586
585
584
583
582
581
580
579
578
577
576
575
574
573
572
571
570
569
568
567
566
565
564
562
561
560
559
558
557
556
553
552
551
550
55
549
548
547
545
544
542
541
540
539
538
537
536
535
534
533
532
531
530
529
528
527
526
524
523
522
521
519
517
516
513
512
511
510
51
509
508
507
504
503
502
501
50
5
499
498
497
496
495
491
490
49
489
488
487
486
485
484
482
480
48
479
478
477
475
474
473
472
471
470
47
469
468
467
466
465
463
462
461
460
46
459
458
457
456
455
454
452
451
45
448
446
444
443
442
441
440
44
438
437
436
435
434
433
432
430
43
429
428
425
424
423
422
421
420
419
418
417
416
415
414
413
411
410
409
408
407
406
405
404
403
402
400
40
397
396
395
394
393
392
391
390
389
388
387
385
384
383
382
380
38
379
378
377
375
374
372
371
370
369
368
367
366
365
362
361
360
36
359
358
356
354
353
352
351
350
35
348
347
346
345
343
342
341
340
339
338
337
336
335
334
333
332
330
33
328
327
326
324
323
322
321
320
319
318
317
315
314
313
310
31
308
307
306
305
304
303
302
300
30
299
297
295
294
293
292
291
290
29
289
287
286
285
284
283
281
280
28
278
277
276
274
273
272
271
270
27
269
268
267
266
265
263
262
261
260
258
257
256
251
25
249
248
243
242
241
240
24
235
234
233
232
231
230
229
228
226
225
224
222
219
218
216
215
214
213
212
211
209
208
206
204
201
200
2
198
197
196
195
194
193
191
190
19
189
188
187
186
185
182
174
171
17
169
168
167
165
161
160
16
159
157
155
150
15
146
144
143
142
14
139
137
136
135
134
133
131
130
13
129
128
127
126
125
124
122
121
120
119
117
116
115
114
113
112
111
110
11
109
108
107
106
103
102
101
100
10
